RMSE_TRAIN: 
C1_QOIL                2.018044
C2_QOIL                1.400880
C3_QOIL                1.178885
C4_QOIL                1.233468
B1_QOIL                2.763857
B3_QOIL                3.553170
D1_QOIL                1.188583
GJOA_TOTAL_SUM_QOIL    2.674507
dtype: float64
RMSE_TEST: 
C1_QOIL                2.637108
C2_QOIL                1.971436
C3_QOIL                1.342773
C4_QOIL                1.782853
B1_QOIL                3.229472
B3_QOIL                2.865567
D1_QOIL                1.272152
GJOA_TOTAL_SUM_QOIL    2.935414
dtype: float64
RMSE_TRAIN_SCORES: 
    C1_QOIL   C2_QOIL   C3_QOIL   C4_QOIL   B1_QOIL   B3_QOIL   D1_QOIL  \
0  2.799500  2.130003  2.678515  1.120981  4.211582  5.846977  1.616464   
0  3.668271  1.278260  0.995480  1.016714  1.724687  5.762181  1.122459   
0  1.246203  1.594778  0.896615  1.785904  2.716256  2.608703  1.401327   
0  1.065418  0.933349  0.698859  1.072531  2.836659  1.705690  0.989883   
0  1.310828  1.068008  0.624959  1.171211  2.330099  1.842300  0.812780   

   GJOA_TOTAL_SUM_QOIL  
0             4.322611  
0             1.895464  
0             2.392870  
0             2.748491  
0             2.013099  
RMSE_TEST_SCORES: 
    C1_QOIL   C2_QOIL   C3_QOIL   C4_QOIL   B1_QOIL   B3_QOIL   D1_QOIL  \
0  2.706030  3.151680  2.275663  2.361089  2.555791  4.558429  1.426134   
0  4.274714  2.001000  1.897164  0.922020  4.042023  7.037126  0.739642   
0  1.745367  2.423598  1.092731  2.967874  5.622106  0.899912  2.040154   
0  0.802384  0.895241  0.842190  1.577094  1.369072  0.658177  0.751924   
0  3.657044  1.385662  0.606118  1.086189  2.558366  1.174191  1.402906   

   GJOA_TOTAL_SUM_QOIL  
0             6.898334  
0             2.963765  
0             1.737969  
0             1.545973  
0             1.531031  
