RMSE_TRAIN: 
C1_QGAS              2075.694183
C2_QGAS               997.933502
C3_QGAS               913.813597
C4_QGAS               900.753017
B1_QGAS              1085.777940
B3_QGAS              1103.593539
D1_QGAS               956.518959
GJOA_OIL_SUM_QGAS    1300.132900
dtype: float64
RMSE_TEST: 
C1_QGAS              1846.702464
C2_QGAS              1048.287151
C3_QGAS              1310.047607
C4_QGAS              1012.569631
B1_QGAS              1421.590468
B3_QGAS              1329.725359
D1_QGAS               979.266134
GJOA_OIL_SUM_QGAS    1778.272322
dtype: float64
RMSE_TRAIN_SCORES: 
       C1_QGAS      C2_QGAS      C3_QGAS      C4_QGAS      B1_QGAS  \
0  1084.860484   804.985558   795.560410   662.262758  1300.709123   
0  2959.032185  1388.714376  1090.521771  1041.323184  1032.645751   
0  2893.565365  1050.688398  1042.628877  1042.040181   904.835535   
0  1949.039492   925.759025   910.290689  1262.082772  1437.330923   
0  1491.973389   819.520154   730.066237   496.056190   753.368370   

       B3_QGAS      D1_QGAS  GJOA_OIL_SUM_QGAS  
0  1278.135256   628.180121        1135.314693  
0   901.066737  1011.701173        1280.208302  
0  1563.084596   810.756108        2067.116102  
0   677.461943  1521.518475        1149.800332  
0  1098.219162   810.438918         868.225069  
RMSE_TEST_SCORES: 
       C1_QGAS      C2_QGAS      C3_QGAS      C4_QGAS      B1_QGAS  \
0  1136.045519   698.017776  1920.602003   357.810408  1683.583423   
0  3144.125131  1969.846598  1055.260380   935.641616   790.411300   
0  2328.377894   608.769167  1097.531256   599.562555  1521.303982   
0  1219.712188  1068.694929  1251.633568  1882.899282  1255.319136   
0  1405.251589   896.107286  1225.210828  1286.934293  1857.334500   

       B3_QGAS      D1_QGAS  GJOA_OIL_SUM_QGAS  
0  1323.783128   471.020391        2534.943686  
0  1197.616484  1205.400648        1585.052730  
0  1893.297779   919.025384        1455.084402  
0   573.935912  1748.952069        1599.709118  
0  1659.993493   551.932177        1716.571676  
