RMSE_TRAIN: 
C1_QGAS              2124.922067
C2_QGAS               984.329427
C3_QGAS              1041.493196
C4_QGAS               904.884476
B1_QGAS              1167.407702
B3_QGAS              1355.497253
D1_QGAS              1529.026503
GJOA_OIL_SUM_QGAS    1462.457653
dtype: float64
RMSE_TEST: 
C1_QGAS              2001.772689
C2_QGAS              1237.598923
C3_QGAS              1401.514746
C4_QGAS               989.778474
B1_QGAS              1465.272460
B3_QGAS              1486.923153
D1_QGAS              1594.953392
GJOA_OIL_SUM_QGAS    1833.748873
dtype: float64
R2_TRAIN: 
C1_QGAS              0.946436
C2_QGAS              0.990009
C3_QGAS              0.989609
C4_QGAS              0.991401
B1_QGAS              0.991527
B3_QGAS              0.985159
D1_QGAS              0.979441
GJOA_OIL_SUM_QGAS    0.999345
dtype: float64
R2_TEST: 
C1_QGAS              0.938486
C2_QGAS              0.977890
C3_QGAS              0.973542
C4_QGAS              0.979881
B1_QGAS              0.978780
B3_QGAS              0.972752
D1_QGAS              0.975375
GJOA_OIL_SUM_QGAS    0.998511
dtype: float64
sMAPE_TRAIN: 
C1_QGAS              4.026522
C2_QGAS              2.620498
C3_QGAS              2.072330
C4_QGAS              2.330499
B1_QGAS              2.746639
B3_QGAS              3.899490
D1_QGAS              4.436925
GJOA_OIL_SUM_QGAS    0.857767
dtype: float64
sMAPE_TEST: 
C1_QGAS              3.984746
C2_QGAS              3.387281
C3_QGAS              3.113708
C4_QGAS              2.465218
B1_QGAS              4.018262
B3_QGAS              4.390317
D1_QGAS              4.559847
GJOA_OIL_SUM_QGAS    1.158701
dtype: float64
RMSE_TRAIN_SCORES: 
       C1_QGAS      C2_QGAS      C3_QGAS      C4_QGAS      B1_QGAS  \
0   935.288988  1114.719892  1006.064851   696.038983  1355.285355   
0  3746.875076   945.529717  1238.449043  1042.109268   815.818486   
0  2241.029800   967.704748  1025.029825   940.020095  1207.092910   
0  2285.826560  1159.982516  1119.754952   876.105291  1338.689234   
0  1415.589913   733.710261   818.167308   970.148744  1120.152527   

       B3_QGAS      D1_QGAS  GJOA_OIL_SUM_QGAS  
0  1432.594653  1208.758639         893.916767  
0  1515.984319  1631.384112         999.102564  
0  1376.300773  1414.453037        1190.728025  
0  1235.392474  1178.966947         903.872798  
0  1217.214047  2211.569779        3324.668112  
RMSE_TEST_SCORES: 
       C1_QGAS      C2_QGAS      C3_QGAS      C4_QGAS      B1_QGAS  \
0  1264.480476   756.967778  2588.211702   364.571966  1466.697952   
0  4079.682419  1055.067626   546.065049  1004.667905  1334.860238   
0  1220.110323  2287.351642  1090.869638   608.052743  1868.840624   
0  1606.537074  1074.139479  1208.344044  1527.178622  1077.690135   
0  1838.053151  1014.468091  1574.083296  1444.421132  1578.273352   

       B3_QGAS      D1_QGAS  GJOA_OIL_SUM_QGAS  
0  1522.003832  2014.927458        2278.830270  
0  1951.738755  2296.160540        1647.543883  
0  1802.008477  1140.547476        1118.888141  
0   541.163585  1047.942754        1946.225115  
0  1617.701114  1475.188734        2177.256959  
sMAPE_TRAIN_SCORES: 
    C1_QGAS   C2_QGAS   C3_QGAS   C4_QGAS   B1_QGAS   B3_QGAS   D1_QGAS  \
0  1.692493  2.941156  1.964834  2.243341  2.910177  3.882256  3.895727   
0  6.893217  2.070453  2.178837  2.346024  1.930173  4.061176  4.369056   
0  3.995079  2.916552  1.973155  2.668586  2.988358  4.086125  3.508236   
0  4.681975  2.924559  2.569579  1.857367  3.124307  3.881071  3.725329   
0  2.869844  2.249770  1.675247  2.537176  2.780179  3.586819  6.686276   

   GJOA_OIL_SUM_QGAS  
0           0.464235  
0           0.387772  
0           0.806259  
0           0.939869  
0           1.690701  
sMAPE_TEST_SCORES: 
    C1_QGAS   C2_QGAS   C3_QGAS   C4_QGAS   B1_QGAS   B3_QGAS   D1_QGAS  \
0  1.865897  1.332222  5.368578  0.478157  2.781557  4.653832  4.582221   
0  8.876686  5.564831  1.059207  3.191677  3.831766  6.426056  7.636853   
0  2.698059  5.114870  2.367534  1.209651  4.147447  4.156991  4.801108   
0  2.634483  2.896222  3.474722  4.442584  2.282703  2.490769  3.420104   
0  3.848606  2.028258  3.298499  3.004020  7.047835  4.223939  2.358950   

   GJOA_OIL_SUM_QGAS  
0           0.883467  
0           3.198785  
0           0.337656  
0           0.826962  
0           0.546634  
